0.0000 60.0000
120.0000 60.0000
120.1667 66.2100
120.3333 72.4200
120.5000 78.6300
120.6667 84.8390
120.8333 91.0490
121.0000 97.2590
121.1667 103.4690
121.3333 109.6790
121.5000 115.8880
121.6667 122.0980
121.8333 128.3080
122.0000 134.5180
122.1667 140.7280
122.3333 146.9380
122.5000 153.1470
122.6667 159.3570
122.8333 165.5670
123.0000 171.7770
123.1667 177.9870
123.3333 184.1970
123.5000 190.4070
123.6667 196.6160
123.8333 202.8260
124.0000 209.0360
124.1667 215.2460
124.3333 221.4560
124.5000 227.6660
124.6667 233.8750
124.8333 240.0850
125.0000 246.2950
125.1667 252.5050
125.3333 258.7150
125.5000 264.9250
125.6667 271.1340
125.8333 277.3440
126.0000 283.5540
126.1667 289.7640
126.3333 295.9740
126.5000 302.1840
126.6667 308.3930
126.8333 314.6030
127.0000 320.8130
127.1667 327.0230
127.3333 333.2330
127.5000 339.4430
127.6667 345.6520
127.8333 351.8620
128.0000 358.0720
128.1667 364.2820
128.3333 370.4920
128.5000 376.7020
128.6667 382.9110
128.8333 389.1210
129.0000 395.3310
129.1667 401.5410
129.3333 407.7510
129.5000 413.9610
129.6667 420.1700
129.8333 426.3800
130.0000 432.5900
130.1667 438.8000
130.3333 445.0100
130.5000 451.2200
130.6667 457.4290
130.8333 463.6390
131.0000 469.8490
131.1667 476.0590
131.3333 482.2690
131.5000 488.4790
131.6667 494.6880
131.8333 500.8980
132.0000 507.1080
132.1667 513.3180
132.3333 519.5280
132.5000 525.7380
132.6667 531.9470
132.8333 538.1570
133.0000 544.3670
133.1667 550.5770
133.3333 556.7870
133.5000 562.9970
133.6667 569.2060
133.8333 575.4160
134.0000 581.6260
134.1667 587.8360
134.3333 594.0460
134.5000 600.2560
134.6667 606.4650
134.8333 612.6750
135.0000 618.8850
135.1667 625.0950
135.3333 631.3050
135.5000 637.5150
135.6667 643.7240
135.8333 649.9340
136.0000 656.1440
136.1667 662.3540
136.3333 668.5640
136.5000 674.7740
136.6667 680.9830
136.8333 687.1930
137.0000 693.4030
137.1667 699.6130
137.3333 705.8230
137.5000 712.0330
137.6667 718.2420
137.8333 724.4520
138.0000 730.6620
138.1667 736.8720
138.3333 743.0820
138.5000 749.2920
138.6667 755.5010
138.8333 761.7110
139.0000 767.9210
139.1667 774.1310
139.3333 780.3410
139.5000 786.5510
139.6667 792.7600
139.8333 798.9700
140.0000 805.1800
140.1667 811.3900
140.3333 817.6000
140.5000 823.8100
140.6667 830.0190
140.8333 836.2290
141.0000 842.4390
141.1667 848.6490
141.3333 854.8590
141.5000 861.0690
141.6667 867.2780
141.8333 873.4880
142.0000 879.6980
142.1667 885.9080
142.3333 892.1180
142.5000 898.3280
142.6667 904.5370
142.8333 910.7470
143.0000 916.9570
143.1667 923.1670
143.3333 929.3770
143.5000 935.5870
143.6667 941.7960
143.8333 948.0060
144.0000 954.2160
144.1667 960.4260
144.3333 966.6360
144.5000 972.8460
144.6667 979.0550
144.8333 985.2650
145.0000 991.4750
145.1667 997.6850
145.3333 1003.8950
145.5000 1010.1050
145.6667 1016.3140
145.8333 1022.5240
146.0000 1028.7340
146.1667 1034.9440
146.3333 1041.1540
146.5000 1047.3640
146.6667 1053.5730
146.8333 1059.7830
147.0000 1065.9900
147.1667 1072.2000
147.3333 1078.4100
147.5000 1084.6200
147.6667 1090.8300
147.8333 1097.0400
148.0000 1103.2500
148.1667 1109.4600
148.3333 1115.6700
148.5000 1121.8800
148.6667 1128.0900
148.8333 1134.3000
149.0000 1140.5100
149.1667 1146.7200
149.3333 1152.9300
149.5000 1159.1400
149.6667 1165.3500
149.8333 1171.5600
150.0000 1177.7700
150.1667 1183.9800
150.3333 1190.1900
150.5000 1196.4000
150.6667 1202.6100
150.8333 1208.8200
151.0000 1215.0300
151.1667 1221.2400
151.3333 1227.4500
151.5000 1233.6600
151.6667 1239.8700
151.8333 1246.0800
152.0000 1252.2900
152.1667 1258.5000
152.3333 1264.7100
152.5000 1270.9200
152.6667 1277.1300
152.8333 1283.3400
153.0000 1289.5500
153.1667 1295.7600
153.3333 1301.9700
153.5000 1308.1800
153.6667 1314.3900
153.8333 1320.6000
154.0000 1326.8100
154.1667 1333.0200
154.3333 1339.2300
154.5000 1345.4400
154.6667 1351.6500
154.8333 1357.8600
155.0000 1364.0700
155.1667 1370.2700
155.3333 1376.4800
155.5000 1382.6900
155.6667 1388.9000
155.8333 1395.1100
156.0000 1401.3200
156.1667 1407.5300
156.3333 1413.7400
156.5000 1419.9500
156.6667 1426.1600
156.8333 1432.3700
157.0000 1438.5800
157.1667 1444.7900
157.3333 1451.0000
157.5000 1457.2100
157.6667 1463.4200
157.8333 1469.6300
158.0000 1475.8400
158.1667 1482.0500
158.3333 1488.2600
158.5000 1494.4700
158.6667 1500.6800
158.8333 1506.8900
159.0000 1513.1000
159.1667 1519.3100
159.3333 1525.5200
159.5000 1531.7300
159.6667 1537.9400
159.8333 1544.1500
160.0000 1550.3600
160.1667 1556.5700
160.3333 1562.7800
160.5000 1568.9900
160.6667 1575.2000
160.8333 1581.4100
161.0000 1587.6200
161.1667 1593.8300
161.3333 1600.0400
161.5000 1606.2500
161.6667 1612.4600
161.8333 1618.6700
162.0000 1624.8800
162.1667 1631.0900
162.3333 1637.3000
162.5000 1643.5100
162.6667 1649.7200
162.8333 1655.9300
163.0000 1662.1400
163.1667 1668.3500
163.3333 1674.5600
163.5000 1680.7700
163.6667 1686.9800
163.8333 1693.1900
164.0000 1699.4000
164.1667 1705.6100
164.3333 1711.8200
164.5000 1718.0300
164.6667 1724.2400
164.8333 1730.4500
165.0000 1736.6600
165.1667 1742.8600
165.3333 1749.0700
165.5000 1755.2800
165.6667 1761.4900
165.8333 1767.7000
166.0000 1773.9100
166.1667 1780.1200
166.3333 1786.3300
166.5000 1792.5400
166.6667 1798.7500
166.8333 1804.9600
167.0000 1811.1700
167.1667 1817.3800
167.3333 1823.5900
167.5000 1829.8000
167.6667 1836.0100
167.8333 1842.2200
168.0000 1848.4300
168.1667 1854.6400
168.3333 1860.8500
168.5000 1867.0600
168.6667 1873.2700
168.8333 1879.4800
169.0000 1885.6900
169.1667 1891.9000
169.3333 1898.1100
169.5000 1904.3200
169.6667 1910.5300
169.8333 1916.7400
170.0000 1922.9500
170.1667 1929.1600
170.3333 1935.3700
170.5000 1941.5800
170.6667 1947.7900
170.8333 1954.0000
171.0000 1960.2100
171.1667 1966.4200
171.3333 1972.6300
171.5000 1978.8400
171.6667 1985.0500
171.8333 1991.2600
172.0000 1997.4700
172.1667 2003.6800
172.3333 2009.8900
172.5000 2016.1000
172.6667 2022.3100
172.8333 2028.5200
173.0000 2034.7300
173.1667 2040.9400
173.3333 2047.1500
173.5000 2053.3600
173.6667 2059.5700
173.8333 2065.7800
174.0000 2071.9900
174.1667 2078.2000
174.3333 2084.4100
174.5000 2090.6200
174.6667 2096.8300
174.8333 2103.0400
175.0000 2109.2500
175.1667 2115.4600
175.3333 2121.6600
175.5000 2127.8700
175.6667 2134.0800
175.8333 2140.2900
176.0000 2146.5000
176.1667 2152.7100
176.3333 2158.9200
176.5000 2165.1300
176.6667 2171.3400
176.8333 2177.5500
177.0000 2183.7600
177.1667 2189.9700
177.3333 2196.1800
177.5000 2202.3900
177.6667 2208.6000
177.8333 2214.8100
178.0000 2221.0200
178.1667 2227.2300
178.3333 2233.4400
178.5000 2239.6500
178.6667 2245.8600
178.8333 2252.0700
179.0000 2258.2800
179.1667 2264.4900
179.3333 2270.7000
179.5000 2276.9100
179.6667 2283.1200
179.8333 2289.3300
180.0000 2295.5400
180.1667 2301.7500
180.3333 2307.9600
180.5000 2314.1700
180.6667 2320.3800
180.8333 2326.5900
181.0000 2332.8000
181.1667 2339.0100
181.3333 2345.2200
181.5000 2351.4300
181.6667 2357.6400
181.8333 2363.8500
182.0000 2370.0600
182.1667 2376.2700
182.3333 2382.4800
182.5000 2388.6900
182.6667 2394.9000
182.8333 2401.1100
183.0000 2407.3200
183.1667 2413.5300
183.3333 2419.7400
183.5000 2425.9500
183.6667 2432.1600
183.8333 2438.3700
184.0000 2444.5800
184.1667 2450.7900
184.3333 2457.0000
184.5000 2463.2100
184.6667 2469.4200
184.8333 2475.6300
185.0000 2481.8400
185.1667 2488.0500
185.3333 2494.2500
185.5000 2500.4600
185.6667 2506.6700
185.8333 2512.8800
186.0000 2519.0900
186.1667 2525.3000
186.3333 2531.5100
186.5000 2537.7200
186.6667 2543.9300
186.8333 2550.1400
187.0000 2556.3500
187.1667 2562.5600
187.3333 2568.7700
187.5000 2574.9800
187.6667 2581.1900
187.8333 2587.4000
188.0000 2593.6100
188.1667 2599.8200
188.3333 2606.0300
188.5000 2612.2400
188.6667 2618.4500
188.8333 2624.6600
189.0000 2630.8700
189.1667 2637.0800
189.3333 2643.2900
189.5000 2649.5000
189.6667 2655.7100
189.8333 2661.9200
190.0000 2668.1300
190.1667 2674.3400
190.3333 2680.5500
190.5000 2686.7600
190.6667 2692.9700
190.8333 2699.1800
191.0000 2705.3900
191.1667 2711.6000
191.3333 2717.8100
191.5000 2724.0200
191.6667 2730.2300
191.8333 2736.4400
192.0000 2742.6500
192.1667 2748.8600
192.3333 2755.0700
192.5000 2761.2800
192.6667 2767.4900
192.8333 2773.7000
193.0000 2779.9100
193.1667 2786.1200
193.3333 2792.3300
193.5000 2798.5400
193.6667 2804.7500
193.8333 2810.9600
194.0000 2817.1700
194.1667 2823.3800
194.3333 2829.5900
194.5000 2835.8000
194.6667 2842.0100
194.8333 2848.2200
195.0000 2854.4300
195.1667 2860.6400
195.3333 2866.8400
195.5000 2873.0500
195.6667 2879.2600
195.8333 2885.4700
196.0000 2891.6800
196.1667 2897.8900
196.3333 2904.1000
196.5000 2910.3100
196.6667 2916.5200
196.8333 2922.7300
197.0000 2928.9400
197.1667 2935.1500
197.3333 2941.3600
197.5000 2947.5700
197.6667 2953.7800
197.8333 2959.9900
198.0000 2966.2000
198.1667 2972.4100
198.3333 2978.6200
198.5000 2984.8300
198.6667 2991.0400
198.8333 2997.2500
199.0000 3003.4600
199.1667 3009.6700
199.3333 3015.8800
199.5000 3022.0900
199.6667 3028.3000
199.8333 3034.5100
200.0000 3040.7200
200.1667 3046.9300
200.3333 3053.1400
200.5000 3059.3500
200.6667 3065.5600
200.8333 3071.7700
201.0000 3077.9800
201.1667 3084.1900
201.3333 3090.4000
201.5000 3096.6100
201.6667 3102.8200
201.8333 3109.0300
202.0000 3115.2400
202.1667 3121.4500
202.3333 3127.6600
202.5000 3133.8700
202.6667 3140.0800
202.8333 3146.2900
203.0000 3152.5000
203.1667 3158.7100
203.3333 3164.9200
203.5000 3171.1300
203.6667 3177.3400
203.8333 3183.5500
204.0000 3189.7600
204.1667 3195.9700
204.3333 3202.1800
204.5000 3208.3900
204.6667 3214.6000
204.8333 3220.8100
205.0000 3227.0200
205.1667 3233.2300
205.3333 3239.4300
205.5000 3245.6400
205.6667 3251.8500
205.8333 3258.0600
206.0000 3264.2700
206.1667 3270.4800
206.3333 3276.6900
206.5000 3282.9000
206.6667 3289.1100
206.8333 3295.3200
207.0000 3301.5300
207.1667 3307.7400
207.3333 3313.9500
207.5000 3320.1600
207.6667 3326.3700
207.8333 3332.5800
208.0000 3338.7900
208.1667 3345.0000
208.3333 3351.2100
208.5000 3357.4200
208.6667 3363.6300
208.8333 3369.8400
209.0000 3376.0500
209.1667 3382.2600
209.3333 3388.4700
209.5000 3394.6800
209.6667 3400.8900
209.8333 3407.1000
210.0000 3413.3100
210.1667 3419.5200
210.3333 3425.7300
210.5000 3431.9400
210.6667 3438.1500
210.8333 3444.3600
211.0000 3450.5700
211.1667 3456.7800
211.3333 3462.9900
211.5000 3469.2000
211.6667 3475.4100
211.8333 3481.6200
212.0000 3487.8300
212.1667 3494.0400
212.3333 3500.2500
212.5000 3506.4600
212.6667 3512.6700
212.8333 3518.8800
213.0000 3525.0900
213.1667 3531.3000
213.3333 3537.5100
213.5000 3543.7200
213.6667 3549.9300
213.8333 3556.1400
214.0000 3562.3500
214.1667 3568.5600
214.3333 3574.7700
214.5000 3580.9800
214.6667 3587.1900
214.8333 3593.4000
215.0000 3599.6100
215.1667 3605.8200
215.3333 3612.0200
215.5000 3618.2300
215.6667 3624.4400
215.8333 3630.6500
216.0000 3636.8600
216.1667 3643.0700
216.3333 3649.2800
216.5000 3655.4900
216.6667 3661.7000
216.8333 3667.9100
217.0000 3674.1200
217.1667 3680.3300
217.3333 3686.5400
217.5000 3692.7500
217.6667 3698.9600
217.8333 3705.1700
218.0000 3711.3800
218.1667 3717.5900
218.3333 3723.8000
218.5000 3730.0100
218.6667 3736.2200
218.8333 3742.4300
219.0000 3748.6400
219.1667 3754.8500
219.3333 3761.0600
219.5000 3767.2700
219.6667 3773.4800
219.8333 3779.6900
220.0000 3785.9000
220.1667 3792.1100
220.3333 3798.3200
220.5000 3804.5300
220.6667 3810.7400
220.8333 3816.9500
221.0000 3823.1600
221.1667 3829.3700
221.3333 3835.5800
221.5000 3841.7900
221.6667 3848.0000
221.8333 3854.2100
222.0000 3860.4200
222.1667 3866.6300
222.3333 3872.8400
222.5000 3879.0500
222.6667 3885.2600
222.8333 3891.4700
223.0000 3897.6800
223.1667 3903.8900
223.3333 3910.1000
223.5000 3916.3100
223.6667 3922.5200
223.8333 3928.7300
224.0000 3934.9400
224.1667 3941.1500
224.3333 3947.3600
224.5000 3953.5700
224.6667 3959.7800
224.8333 3965.9900
225.0000 3972.2000
225.1667 3978.4100
225.3333 3984.6200
225.5000 3990.8200
225.6667 3997.0300
225.8333 4003.2400
226.0000 4009.4500
226.1667 4015.6600
226.3333 4021.8700
226.5000 4028.0800
226.6667 4034.2900
226.8333 4040.5000
227.0000 4046.7100
227.1667 4052.9200
227.3333 4059.1300
227.5000 4065.3400
227.6667 4071.5500
227.8333 4077.7600
228.0000 4083.9700
228.1667 4090.1800
228.3333 4096.3900
228.5000 4102.6000
228.6667 4108.8100
228.8333 4115.0200
229.0000 4121.2300
229.1667 4127.4400
229.3333 4133.6500
229.5000 4139.8600
229.6667 4146.0700
229.8333 4152.2800
230.0000 4158.4900
230.1667 4164.7000
230.3333 4170.9100
230.5000 4177.1200
230.6667 4183.3300
230.8333 4189.5400
231.0000 4195.7500
231.1667 4201.9600
231.3333 4208.1700
231.5000 4214.3800
231.6667 4220.5900
231.8333 4226.8000
232.0000 4233.0100
232.1667 4239.2200
232.3333 4245.4300
232.5000 4251.6400
232.6667 4257.8500
232.8333 4264.0600
233.0000 4270.2700
233.1667 4276.4800
233.3333 4282.6900
233.5000 4288.9000
233.6667 4295.1100
233.8333 4301.3200
234.0000 4307.5300
234.1667 4313.7400
234.3333 4319.9500
234.5000 4326.1600
234.6667 4332.3700
234.8333 4338.5800
235.0000 4344.7900
235.1667 4351.0000
235.2777 4355.1300
235.3333 4354.2500
235.5000 4351.6300
235.6667 4349.0000
235.8333 4346.3800
236.0000 4343.7500
236.1667 4341.1300
236.3333 4338.5000
236.5000 4335.8800
236.6667 4333.2600
236.8333 4330.6300
237.0000 4328.0100
237.1667 4325.3800
237.3333 4322.7600
237.5000 4320.1300
237.6667 4317.5100
237.8333 4314.8800
238.0000 4312.2600
238.1667 4309.6300
238.3333 4307.0100
238.5000 4304.3900
238.6667 4301.7600
238.8333 4299.1400
239.0000 4296.5100
239.1667 4293.8900
239.3333 4291.2600
239.5000 4288.6400
239.6667 4286.0100
239.8333 4283.3900
240.0000 4280.7700
240.1667 4278.1400
240.3333 4275.5200
240.5000 4272.8900
240.6667 4270.2700
240.8333 4267.6400
241.0000 4265.0200
241.1667 4262.3900
241.3333 4259.7700
241.5000 4257.1400
241.6667 4254.5200
241.8333 4251.9000
242.0000 4249.2700
242.1667 4246.6500
242.3333 4244.0200
242.5000 4241.4000
242.6667 4238.7700
242.8333 4236.1500
243.0000 4233.5200
243.1667 4230.9000
243.3333 4228.2800
243.5000 4225.6500
243.6667 4223.0300
243.8333 4220.4000
244.0000 4217.7800
244.1667 4215.1500
244.3333 4212.5300
244.5000 4209.9000
244.6667 4207.2800
244.8333 4204.6500
245.0000 4202.0300
245.1667 4199.4100
245.3333 4196.7800
245.5000 4194.1600
245.6667 4191.5300
245.8333 4188.9100
246.0000 4186.2800
246.1667 4183.6600
246.3333 4181.0300
246.5000 4178.4100
246.6667 4175.7900
246.8333 4173.1600
247.0000 4170.5400
247.1667 4167.9100
247.3333 4165.2900
247.5000 4162.6600
247.6667 4160.0400
247.8333 4157.4100
248.0000 4154.7900
248.1667 4152.1600
248.3333 4149.5400
248.5000 4146.9200
248.6667 4144.2900
248.8333 4141.6700
249.0000 4139.0400
249.1667 4136.4200
249.3333 4133.7900
249.5000 4131.1700
249.6667 4128.5400
249.8333 4125.9200
250.0000 4123.3000
250.1667 4120.6700
250.3333 4118.0500
250.5000 4115.4200
250.6667 4112.8000
250.8333 4110.1700
251.0000 4107.5500
251.1667 4104.9200
251.3333 4102.3000
251.5000 4099.6700
251.6667 4097.0500
251.8333 4094.4300
252.0000 4091.8000
252.1667 4089.1800
252.3333 4086.5500
252.5000 4083.9300
252.6667 4081.3000
252.8333 4078.6800
253.0000 4076.0500
253.1667 4073.4300
253.3333 4070.8100
253.5000 4068.1800
253.6667 4065.5600
253.8333 4062.9300
254.0000 4060.3100
254.1667 4057.6800
254.3333 4055.0600
254.5000 4052.4300
254.6667 4049.8100
254.8333 4047.1800
255.0000 4044.5600
255.1667 4041.9400
255.3333 4039.3100
255.5000 4036.6900
255.6667 4034.0600
255.8333 4031.4400
256.0000 4028.8100
256.1667 4026.1900
256.3333 4023.5600
256.5000 4020.9400
256.6667 4018.3200
256.8333 4015.6900
257.0000 4013.0700
257.1667 4010.4400
257.3333 4007.8200
257.5000 4005.1900
257.6667 4002.5700
257.8333 3999.9400
258.0000 3997.3200
258.1667 3994.6900
258.3333 3992.0700
258.5000 3989.4500
258.6667 3986.8200
258.8333 3984.2000
259.0000 3981.5700
259.1667 3978.9500
259.3333 3976.3200
259.5000 3973.7000
259.6667 3971.0700
259.8333 3968.4500
260.0000 3965.8300
260.1667 3963.2000
260.3333 3960.5800
260.5000 3957.9500
260.6667 3955.3300
260.8333 3952.7000
261.0000 3950.0800
261.1667 3947.4500
261.3333 3944.8300
261.5000 3942.2100
261.6667 3939.5800
261.8333 3936.9600
262.0000 3934.3300
262.1667 3931.7100
262.3333 3929.0800
262.5000 3926.4600
262.6667 3923.8300
262.8333 3921.2100
263.0000 3918.5800
263.1667 3915.9600
263.3333 3913.3400
263.5000 3910.7100
263.6667 3908.0900
263.8333 3905.4600
264.0000 3902.8400
264.1667 3900.2100
264.3333 3897.5900
264.5000 3894.9600
264.6667 3892.3400
264.8333 3889.7200
265.0000 3887.0900
265.1667 3884.4700
265.3333 3881.8400
265.5000 3879.2200
265.6667 3876.5900
265.8333 3873.9700
266.0000 3871.3400
266.1667 3868.7200
266.3333 3866.0900
266.5000 3863.4700
266.6667 3860.8500
266.8333 3858.2200
267.0000 3855.6000
267.1667 3852.9700
267.3333 3850.3500
267.5000 3847.7200
267.6667 3845.1000
267.8333 3842.4700
268.0000 3839.8500
268.1667 3837.2300
268.3333 3834.6000
268.5000 3831.9800
268.6667 3829.3500
268.8333 3826.7300
269.0000 3824.1000
269.1667 3821.4800
269.3333 3818.8500
269.5000 3816.2300
269.6667 3813.6000
269.8333 3810.9800
270.0000 3808.3600
270.1667 3805.7300
270.3333 3803.1100
270.5000 3800.4800
270.6667 3797.8600
270.8333 3795.2300
271.0000 3792.6100
271.1667 3789.9800
271.3333 3787.3600
271.5000 3784.7400
271.6667 3782.1100
271.8333 3779.4900
272.0000 3776.8600
272.1667 3774.2400
272.3333 3771.6100
272.5000 3768.9900
272.6667 3766.3600
272.8333 3763.7400
273.0000 3761.1100
273.1667 3758.4900
273.3333 3755.8700
273.5000 3753.2400
273.6667 3750.6200
273.8333 3747.9900
274.0000 3745.3700
274.1667 3742.7400
274.3333 3740.1200
274.5000 3737.4900
274.6667 3734.8700
274.8333 3732.2500
275.0000 3729.6200
275.1667 3727.0000
275.3333 3724.3700
275.5000 3721.7500
275.6667 3719.1200
275.8333 3716.5000
276.0000 3713.8700
276.1667 3711.2500
276.3333 3708.6200
276.5000 3706.0000
276.6667 3703.3800
276.8333 3700.7500
277.0000 3698.1300
277.1667 3695.5000
277.3333 3692.8800
277.5000 3690.2500
277.6667 3687.6300
277.8333 3685.0000
278.0000 3682.3800
278.1667 3679.7600
278.3333 3677.1300
278.5000 3674.5100
278.6667 3671.8800
278.8333 3669.2600
279.0000 3666.6300
279.1667 3664.0100
279.3333 3661.3800
279.5000 3658.7600
279.6667 3656.1300
279.8333 3653.5100
280.0000 3650.8900
280.1667 3648.2600
280.3333 3645.6400
280.5000 3643.0100
280.6667 3640.3900
280.8333 3637.7600
281.0000 3635.1400
281.1667 3632.5100
281.3333 3629.8900
281.5000 3627.2700
281.6667 3624.6400
281.8333 3622.0200
282.0000 3619.3900
282.1667 3616.7700
282.3333 3614.1400
282.5000 3611.5200
282.6667 3608.8900
282.8333 3606.2700
283.0000 3603.6400
283.1667 3601.0200
283.3333 3598.4000
283.5000 3595.7700
283.6667 3593.1500
283.8333 3590.5200
284.0000 3587.9000
284.1667 3585.2700
284.3333 3582.6500
284.5000 3580.0200
284.6667 3577.4000
284.8333 3574.7800
285.0000 3572.1500
285.1667 3569.5300
285.3333 3566.9000
285.5000 3564.2800
285.6667 3561.6500
285.8333 3559.0300
286.0000 3556.4000
286.1667 3553.7800
286.3333 3551.1600
286.5000 3548.5300
286.6667 3545.9100
286.8333 3543.2800
287.0000 3540.6600
287.1667 3538.0300
287.3333 3535.4100
287.5000 3532.7800
287.6667 3530.1600
287.8333 3527.5300
288.0000 3524.9100
288.1667 3522.2900
288.3333 3519.6600
288.5000 3517.0400
288.6667 3514.4100
288.8333 3511.7900
289.0000 3509.1600
289.1667 3506.5400
289.3333 3503.9100
289.5000 3501.2900
289.6667 3498.6700
289.8333 3496.0400
290.0000 3493.4200
290.1667 3490.7900
290.3333 3488.1700
290.5000 3485.5400
290.6667 3482.9200
290.8333 3480.2900
291.0000 3477.6700
291.1667 3475.0400
291.3333 3472.4200
291.5000 3469.8000
291.6667 3467.1700
291.8333 3464.5500
292.0000 3461.9200
292.1667 3459.3000
292.3333 3456.6700
292.5000 3454.0500
292.6667 3451.4200
292.8333 3448.8000
293.0000 3446.1800
293.1667 3443.5500
293.3333 3440.9300
293.5000 3438.3000
293.6667 3435.6800
293.8333 3433.0500
294.0000 3430.4300
294.1667 3427.8000
294.3333 3425.1800
294.5000 3422.5500
294.6667 3419.9300
294.8333 3417.3100
295.0000 3414.6800
295.1667 3412.0600
295.3333 3409.4300
295.5000 3406.8100
295.6667 3404.1800
295.8333 3401.5600
296.0000 3398.9300
296.1667 3396.3100
296.3333 3393.6900
296.5000 3391.0600
296.6667 3388.4400
296.8333 3385.8100
297.0000 3383.1900
297.1667 3380.5600
297.3333 3377.9400
297.5000 3375.3100
297.6667 3372.6900
297.8333 3370.0600
298.0000 3367.4400
298.1667 3364.8200
298.3333 3362.1900
298.5000 3359.5700
298.6667 3356.9400
298.8333 3354.3200
299.0000 3351.6900
299.1667 3349.0700
299.3333 3346.4400
299.5000 3343.8200
299.6667 3341.2000
299.8333 3338.5700
300.0000 3335.9500
300.1667 3333.3200
300.3333 3330.7000
300.5000 3328.0700
300.6667 3325.4500
300.8333 3322.8200
301.0000 3320.2000
301.1667 3317.5700
301.3333 3314.9500
301.5000 3312.3300
301.6667 3309.7000
301.8333 3307.0800
302.0000 3304.4500
302.1667 3301.8300
302.3333 3299.2000
302.5000 3296.5800
302.6667 3293.9500
302.8333 3291.3300
303.0000 3288.7100
303.1667 3286.0800
303.3333 3283.4600
303.5000 3280.8300
303.6667 3278.2100
303.8333 3275.5800
304.0000 3272.9600
304.1667 3270.3300
304.3333 3267.7100
304.5000 3265.0800
304.6667 3262.4600
304.8333 3259.8400
305.0000 3257.2100
305.1667 3254.5900
305.3333 3251.9600
305.5000 3249.3400
305.6667 3246.7100
305.8333 3244.0900
306.0000 3241.4600
306.1667 3238.8400
306.3333 3236.2200
306.5000 3233.5900
306.6667 3230.9700
306.8333 3228.3400
307.0000 3225.7200
307.1667 3223.0900
307.3333 3220.4700
307.5000 3217.8400
307.6667 3215.2200
307.8333 3212.6000
308.0000 3209.9700
308.1667 3207.3500
308.3333 3204.7200
308.5000 3202.1000
308.6667 3199.4700
308.8333 3196.8500
309.0000 3194.2200
309.1667 3191.6000
309.3333 3188.9700
309.5000 3186.3500
309.6667 3183.7300
309.8333 3181.1000
310.0000 3178.4800
310.1667 3175.8500
310.3333 3173.2300
310.5000 3170.6000
310.6667 3167.9800
310.8333 3165.3500
311.0000 3162.7300
311.1667 3160.1100
311.3333 3157.4800
311.5000 3154.8600
311.6667 3152.2300
311.8333 3149.6100
312.0000 3146.9800
312.1667 3144.3600
312.3333 3141.7300
312.5000 3139.1100
312.6667 3136.4800
312.8333 3133.8600
313.0000 3131.2400
313.1667 3128.6100
313.3333 3125.9900
313.5000 3123.3600
313.6667 3120.7400
313.8333 3118.1100
314.0000 3115.4900
314.1667 3112.8600
314.3333 3110.2400
314.5000 3107.6200
314.6667 3104.9900
314.8333 3102.3700
315.0000 3099.7400
315.1667 3097.1200
315.3333 3094.4900
315.5000 3091.8700
315.6667 3089.2400
315.8333 3086.6200
316.0000 3083.9900
316.1667 3081.3700
316.3333 3078.7500
316.5000 3076.1200
316.6667 3073.5000
316.8333 3070.8700
317.0000 3068.2500
317.1667 3065.6200
317.3333 3063.0000
317.5000 3060.3700
317.6667 3057.7500
317.8333 3055.1300
318.0000 3052.5000
318.1667 3049.8800
318.3333 3047.2500
318.5000 3044.6300
318.6667 3042.0000
318.8333 3039.3800
319.0000 3036.7500
319.1667 3034.1300
319.3333 3031.5000
319.5000 3028.8800
319.6667 3026.2600
319.8333 3023.6300
320.0000 3021.0100
320.1667 3018.3800
320.3333 3015.7600
320.5000 3013.1300
320.6667 3010.5100
320.8333 3007.8800
321.0000 3005.2600
321.1667 3002.6400
321.3333 3000.0100
321.5000 2997.3900
321.6667 2994.7600
321.8333 2992.1400
322.0000 2989.5100
322.1667 2986.8900
322.3333 2984.2600
322.5000 2981.6400
322.6667 2979.0100
322.8333 2976.3900
323.0000 2973.7700
323.1667 2971.1400
323.3333 2968.5200
323.5000 2965.8900
323.6667 2963.2700
323.8333 2960.6400
324.0000 2958.0200
324.1667 2955.3900
324.3333 2952.7700
324.5000 2950.1500
324.6667 2947.5200
324.8333 2944.9000
325.0000 2942.2700
325.1667 2939.6500
325.3333 2937.0200
325.5000 2934.4000
325.6667 2931.7700
325.8333 2929.1500
326.0000 2926.5200
326.1667 2923.9000
326.3333 2921.2800
326.5000 2918.6500
326.6667 2916.0300
326.8333 2913.4000
327.0000 2910.7800
327.1667 2908.1500
327.3333 2905.5300
327.5000 2902.9000
327.6667 2900.2800
327.8333 2897.6600
328.0000 2895.0300
328.1667 2892.4100
328.3333 2889.7800
328.5000 2887.1600
328.6667 2884.5300
328.8333 2881.9100
329.0000 2879.2800
329.1667 2876.6600
329.3333 2874.0300
329.5000 2871.4100
329.6667 2868.7900
329.8333 2866.1600
330.0000 2863.5400
330.1667 2860.9100
330.3333 2858.2900
330.5000 2855.6600
330.6667 2853.0400
330.8333 2850.4100
331.0000 2847.7900
331.1667 2845.1700
331.3333 2842.5400
331.5000 2839.9200
331.6667 2837.2900
331.8333 2834.6700
332.0000 2832.0400
332.1667 2829.4200
332.3333 2826.7900
332.5000 2824.1700
332.6667 2821.5500
332.8333 2818.9200
333.0000 2816.3000
333.1667 2813.6700
333.3333 2811.0500
333.5000 2808.4200
333.6667 2805.8000
333.8333 2803.1700
334.0000 2800.5500
334.1667 2797.9200
334.3333 2795.3000
334.5000 2792.6800
334.6667 2790.0500
334.8333 2787.4300
335.0000 2784.8000
335.1667 2782.1800
335.3333 2779.5500
335.5000 2776.9300
335.6667 2774.3000
335.8333 2771.6800
336.0000 2769.0600
336.1667 2766.4300
336.3333 2763.8100
336.5000 2761.1800
336.6667 2758.5600
336.8333 2755.9300
337.0000 2753.3100
337.1667 2750.6800
337.3333 2748.0600
337.5000 2745.4300
337.6667 2742.8100
337.8333 2740.1900
338.0000 2737.5600
338.1667 2734.9400
338.3333 2732.3100
338.5000 2729.6900
338.6667 2727.0600
338.8333 2724.4400
339.0000 2721.8100
339.1667 2719.1900
339.3333 2716.5700
339.5000 2713.9400
339.6667 2711.3200
339.8333 2708.6900
340.0000 2706.0700
340.1667 2703.4400
340.3333 2700.8200
340.5000 2698.1900
340.6667 2695.5700
340.8333 2692.9400
341.0000 2690.3200
341.1667 2687.7000
341.3333 2685.0700
341.5000 2682.4500
341.6667 2679.8200
341.8333 2677.2000
342.0000 2674.5700
342.1667 2671.9500
342.3333 2669.3200
342.5000 2666.7000
342.6667 2664.0800
342.8333 2661.4500
343.0000 2658.8300
343.1667 2656.2000
343.3333 2653.5800
343.5000 2650.9500
343.6667 2648.3300
343.8333 2645.7000
344.0000 2643.0800
344.1667 2640.4500
344.3333 2637.8300
344.5000 2635.2100
344.6667 2632.5800
344.8333 2629.9600
345.0000 2627.3300
345.1667 2624.7100
345.3333 2622.0800
345.5000 2619.4600
345.6667 2616.8300
345.8333 2614.2100
346.0000 2611.5900
346.1667 2608.9600
346.3333 2606.3400
346.5000 2603.7100
346.6667 2601.0900
346.8333 2598.4600
347.0000 2595.8400
347.1667 2593.2100
347.3333 2590.5900
347.5000 2587.9600
347.6667 2585.3400
347.8333 2582.7200
348.0000 2580.0900
348.1667 2577.4700
348.3333 2574.8400
348.5000 2572.2200
348.6667 2569.5900
348.8333 2566.9700
349.0000 2564.3400
349.1667 2561.7200
349.3333 2559.1000
349.5000 2556.4700
349.6667 2553.8500
349.8333 2551.2200
350.0000 2548.6000
350.1667 2545.9700
350.3333 2543.3500
350.5000 2540.7200
350.6667 2538.1000
350.8333 2535.4700
351.0000 2532.8500
351.1667 2530.2300
351.3333 2527.6000
351.5000 2524.9800
351.6667 2522.3500
351.8333 2519.7300
352.0000 2517.1000
352.1667 2514.4800
352.3333 2511.8500
352.5000 2509.2300
352.6667 2506.6100
352.8333 2503.9800
353.0000 2501.3600
353.1667 2498.7300
353.3333 2496.1100
353.5000 2493.4800
353.6667 2490.8600
353.8333 2488.2300
354.0000 2485.6100
354.1667 2482.9900
354.3333 2480.3600
354.5000 2477.7400
354.6667 2475.1100
354.8333 2472.4900
355.0000 2469.8600
355.1667 2467.2400
355.3333 2464.6100
355.5000 2461.9900
355.6667 2459.3600
355.8333 2456.7400
356.0000 2454.1200
356.1667 2451.4900
356.3333 2448.8700
356.5000 2446.2400
356.6667 2443.6200
356.8333 2440.9900
357.0000 2438.3700
357.1667 2435.7400
357.3333 2433.1200
357.5000 2430.5000
357.6667 2427.8700
357.8333 2425.2500
358.0000 2422.6200
358.1667 2420.0000
358.3333 2417.3700
358.5000 2414.7500
358.6667 2412.1200
358.8333 2409.5000
359.0000 2406.8700
359.1667 2404.2500
359.3333 2401.6300
359.5000 2399.0000
359.6667 2396.3800
359.8333 2393.7500
360.0000 2391.1300
360.1667 2388.5000
360.3333 2385.8800
360.5000 2383.2500
360.6667 2380.6300
360.8333 2378.0100
361.0000 2375.3800
361.1667 2372.7600
361.3333 2370.1300
361.5000 2367.5100
361.6667 2364.8800
361.8333 2362.2600
362.0000 2359.6300
362.1667 2357.0100
362.3333 2354.3800
362.5000 2351.7600
362.6667 2349.1400
362.8333 2346.5100
363.0000 2343.8900
363.1667 2341.2600
363.3333 2338.6400
363.5000 2336.0100
363.6667 2333.3900
363.8333 2330.7600
364.0000 2328.1400
364.1667 2325.5200
364.3333 2322.8900
364.5000 2320.2700
364.6667 2317.6400
364.8333 2315.0200
365.0000 2312.3900
365.1667 2309.7700
365.3333 2307.1400
365.5000 2304.5200
365.6667 2301.8900
365.8333 2299.2700
366.0000 2296.6500
366.1667 2294.0200
366.3333 2291.4000
366.5000 2288.7700
366.6667 2286.1500
366.8333 2283.5200
367.0000 2280.9000
367.1667 2278.2700
367.3333 2275.6500
367.5000 2273.0300
367.6667 2270.4000
367.8333 2267.7800
368.0000 2265.1500
368.1667 2262.5300
368.3333 2259.9000
368.5000 2257.2800
368.6667 2254.6500
368.8333 2252.0300
369.0000 2249.4000
369.1667 2246.7800
369.3333 2244.1600
369.5000 2241.5300
369.6667 2238.9100
369.8333 2236.2800
370.0000 2233.6600
370.1667 2231.0300
370.3333 2228.4100
370.5000 2225.7800
370.6667 2223.1600
370.8333 2220.5400
371.0000 2217.9100
371.1667 2215.2900
371.3333 2212.6600
371.5000 2210.0400
371.6667 2207.4100
371.8333 2204.7900
372.0000 2202.1600
372.1667 2199.5400
372.3333 2196.9100
372.5000 2194.2900
372.6667 2191.6700
372.8333 2189.0400
373.0000 2186.4200
373.1667 2183.7900
373.3333 2181.1700
373.5000 2178.5400
373.6667 2175.9200
373.8333 2173.2900
374.0000 2170.6700
374.1667 2168.0500
374.3333 2165.4200
374.5000 2162.8000
374.6667 2160.1700
374.8333 2157.5500
375.0000 2154.9200
375.1667 2152.3000
375.3333 2149.6700
375.5000 2147.0500
375.6667 2144.4200
375.8333 2141.8000
376.0000 2139.1800
376.1667 2136.5500
376.3333 2133.9300
376.5000 2131.3000
376.6667 2128.6800
376.8333 2126.0500
377.0000 2123.4300
377.1667 2120.8000
377.3333 2118.1800
377.5000 2115.5600
377.6667 2112.9300
377.8333 2110.3100
378.0000 2107.6800
378.1667 2105.0600
378.3333 2102.4300
378.5000 2099.8100
378.6667 2097.1800
378.8333 2094.5600
379.0000 2091.9400
379.1667 2089.3100
379.3333 2086.6900
379.5000 2084.0600
379.6667 2081.4400
379.8333 2078.8100
380.0000 2076.1900
380.1667 2073.5600
380.3333 2070.9400
380.5000 2068.3100
380.6667 2065.6900
380.8333 2063.0700
381.0000 2060.4400
381.1667 2057.8200
381.3333 2055.1900
381.5000 2052.5700
381.6667 2049.9400
381.8333 2047.3200
382.0000 2044.6900
382.1667 2042.0700
382.3333 2039.4500
382.5000 2036.8200
382.6667 2034.2000
382.8333 2031.5700
383.0000 2028.9500
383.1667 2026.3200
383.3333 2023.7000
383.5000 2021.0700
383.6667 2018.4500
383.8333 2015.8200
384.0000 2013.2000
384.1667 2010.5800
384.3333 2007.9500
384.5000 2005.3300
384.6667 2002.7000
384.8333 2000.0800
385.0000 1997.4500
385.1667 1994.8300
385.3333 1992.2000
385.5000 1989.5800
385.6667 1986.9600
385.8333 1984.3300
386.0000 1981.7100
386.1667 1979.0800
386.3333 1976.4600
386.5000 1973.8300
386.6667 1971.2100
386.8333 1968.5800
387.0000 1965.9600
387.1667 1963.3300
387.3333 1960.7100
387.5000 1958.0900
387.6667 1955.4600
387.8333 1952.8400
388.0000 1950.2100
388.1667 1947.5900
388.3333 1944.9600
388.5000 1942.3400
388.6667 1939.7100
388.8333 1937.0900
389.0000 1934.4700
389.1667 1931.8400
389.3333 1929.2200
389.5000 1926.5900
389.6667 1923.9700
389.8333 1921.3400
390.0000 1918.7200
390.1667 1916.0900
390.3333 1913.4700
390.5000 1910.8400
390.6667 1908.2200
390.8333 1905.6000
391.0000 1902.9700
391.1667 1900.3500
391.3333 1897.7200
391.5000 1895.1000
391.6667 1892.4700
391.8333 1889.8500
392.0000 1887.2200
392.1667 1884.6000
392.3333 1881.9800
392.5000 1879.3500
392.6667 1876.7300
392.8333 1874.1000
393.0000 1871.4800
393.1667 1868.8500
393.3333 1866.2300
393.5000 1863.6000
393.6667 1860.9800
393.8333 1858.3500
394.0000 1855.7300
394.1667 1853.1100
394.3333 1850.4800
394.5000 1847.8600
394.6667 1845.2300
394.8333 1842.6100
395.0000 1839.9800
395.1667 1837.3600
395.3333 1834.7300
395.5000 1832.1100
395.6667 1829.4900
395.8333 1826.8600
396.0000 1824.2400
396.1667 1821.6100
396.3333 1818.9900
396.5000 1816.3600
396.6667 1813.7400
396.8333 1811.1100
397.0000 1808.4900
397.1667 1805.8600
397.3333 1803.2400
397.5000 1800.6200
397.6667 1797.9900
397.8333 1795.3700
398.0000 1792.7400
398.1667 1790.1200
398.3333 1787.4900
398.5000 1784.8700
398.6667 1782.2400
398.8333 1779.6200
399.0000 1777.0000
399.1667 1774.3700
399.3333 1771.7500
399.5000 1769.1200
399.6667 1766.5000
399.8333 1763.8700
400.0000 1761.2500
400.1667 1758.6200
400.3333 1756.0000
400.5000 1753.3800
400.6667 1750.7500
400.8333 1748.1300
401.0000 1745.5000
401.1667 1742.8800
401.3333 1740.2500
401.5000 1737.6300
401.6667 1735.0000
401.8333 1732.3800
402.0000 1729.7500
402.1667 1727.1300
402.3333 1724.5100
402.5000 1721.8800
402.6667 1719.2600
402.8333 1716.6300
403.0000 1714.0100
403.1667 1711.3800
403.3333 1708.7600
403.5000 1706.1300
403.6667 1703.5100
403.8333 1700.8900
404.0000 1698.2600
404.1667 1695.6400
404.3333 1693.0100
404.5000 1690.3900
404.6667 1687.7600
404.8333 1685.1400
405.0000 1682.5100
405.1667 1679.8900
405.3333 1677.2600
405.5000 1674.6400
405.6667 1672.0200
405.8333 1669.3900
406.0000 1666.7700
406.1667 1664.1400
406.3333 1661.5200
406.5000 1658.8900
406.6667 1656.2700
406.8333 1653.6400
407.0000 1651.0200
407.1667 1648.4000
407.3333 1645.7700
407.5000 1643.1500
407.6667 1640.5200
407.8333 1637.9000
408.0000 1635.2700
408.1667 1632.6500
408.3333 1630.0200
408.5000 1627.4000
408.6667 1624.7700
408.8333 1622.1500
409.0000 1619.5300
409.1667 1616.9000
409.3333 1614.2800
409.5000 1611.6500
409.6667 1609.0300
409.8333 1606.4000
410.0000 1603.7800
410.1667 1601.1500
410.3333 1598.5300
410.5000 1595.9100
410.6667 1593.2800
410.8333 1590.6600
411.0000 1588.0300
411.1667 1585.4100
411.3333 1582.7800
411.5000 1580.1600
411.6667 1577.5300
411.8333 1574.9100
412.0000 1572.2800
412.1667 1569.6600
412.3333 1567.0400
412.5000 1564.4100
412.6667 1561.7900
412.8333 1559.1600
413.0000 1556.5400
413.1667 1553.9100
413.3333 1551.2900
413.5000 1548.6600
413.6667 1546.0400
413.8333 1543.4200
414.0000 1540.7900
414.1667 1538.1700
414.3333 1535.5400
414.5000 1532.9200
414.6667 1530.2900
414.8333 1527.6700
415.0000 1525.0400
415.1667 1522.4200
415.3333 1519.7900
415.5000 1517.1700
415.6667 1514.5500
415.8333 1511.9200
416.0000 1509.3000
416.1667 1506.6700
416.3333 1504.0500
416.5000 1501.4200
416.6667 1498.8000
416.8333 1496.1700
417.0000 1493.5500
417.1667 1490.9300
417.3333 1488.3000
417.5000 1485.6800
417.6667 1483.0500
417.8333 1480.4300
418.0000 1477.8000
418.1667 1475.1800
418.3333 1472.5500
418.5000 1469.9300
418.6667 1467.3000
418.8333 1464.6800
419.0000 1462.0600
419.1667 1459.4300
419.3333 1456.8100
419.5000 1454.1800
419.6667 1451.5600
419.8333 1448.9300
420.0000 1446.3100
420.1667 1443.6800
420.3333 1441.0600
420.5000 1438.4400
420.6667 1435.8100
420.8333 1433.1900
421.0000 1430.5600
421.1667 1427.9400
421.3333 1425.3100
421.5000 1422.6900
421.6667 1420.0600
421.8333 1417.4400
422.0000 1414.8100
422.1667 1412.1900
422.3333 1409.5700
422.5000 1406.9400
422.6667 1404.3200
422.8333 1401.6900
423.0000 1399.0700
423.1667 1396.4400
423.3333 1393.8200
423.5000 1391.1900
423.6667 1388.5700
423.8333 1385.9500
424.0000 1383.3200
424.1667 1380.7000
424.3333 1378.0700
424.5000 1375.4500
424.6667 1372.8200
424.8333 1370.2000
425.0000 1367.5700
425.1667 1364.9500
425.3333 1362.3300
425.5000 1359.7000
425.6667 1357.0800
425.8333 1354.4500
426.0000 1351.8300
426.1667 1349.2000
426.3333 1346.5800
426.5000 1343.9500
426.6667 1341.3300
426.8333 1338.7000
427.0000 1336.0800
427.1667 1333.4600
427.3333 1330.8300
427.5000 1328.2100
427.6667 1325.5800
427.8333 1322.9600
428.0000 1320.3300
428.1667 1317.7100
428.3333 1315.0800
428.5000 1312.4600
428.6667 1309.8400
428.8333 1307.2100
429.0000 1304.5900
429.1667 1301.9600
429.3333 1299.3400
429.5000 1296.7100
429.6667 1294.0900
429.8333 1291.4600
430.0000 1288.8400
430.1667 1286.2100
430.3333 1283.5900
430.5000 1280.9700
430.6667 1278.3400
430.8333 1275.7200
431.0000 1273.0900
431.1667 1270.4700
431.3333 1267.8400
431.5000 1265.2200
431.6667 1262.5900
431.8333 1259.9700
432.0000 1257.3500
432.1667 1254.7200
432.3333 1252.1000
432.5000 1249.4700
432.6667 1246.8500
432.8333 1244.2200
433.0000 1241.6000
433.1667 1238.9700
433.3333 1236.3500
433.5000 1233.7200
433.6667 1231.1000
433.8333 1228.4800
434.0000 1225.8500
434.1667 1223.2300
434.3333 1220.6000
434.5000 1217.9800
434.6667 1215.3500
434.8333 1212.7300
435.0000 1210.1000
435.1667 1207.4800
435.3333 1204.8600
435.5000 1202.2300
435.6667 1199.6100
435.8333 1196.9800
436.0000 1194.3600
436.1667 1191.7300
436.3333 1189.1100
436.5000 1186.4800
436.6667 1183.8600
436.8333 1181.2300
437.0000 1178.6100
437.1667 1175.9900
437.3333 1173.3600
437.5000 1170.7400
437.6667 1168.1100
437.8333 1165.4900
438.0000 1162.8600
438.1667 1160.2400
438.3333 1157.6100
438.5000 1154.9900
438.6667 1152.3700
438.8333 1149.7400
439.0000 1147.1200
439.1667 1144.4900
439.3333 1141.8700
439.5000 1139.2400
439.6667 1136.6200
439.8333 1133.9900
440.0000 1131.3700
440.1667 1128.7400
440.3333 1126.1200
440.5000 1123.5000
440.6667 1120.8700
440.8333 1118.2500
441.0000 1115.6200
441.1667 1113.0000
441.3333 1110.3700
441.5000 1107.7500
441.6667 1105.1200
441.8333 1102.5000
442.0000 1099.8800
442.1667 1097.2500
442.3333 1094.6300
442.5000 1092.0000
442.6667 1089.3800
442.8333 1086.7500
443.0000 1084.1300
443.1667 1081.5000
443.3333 1078.8800
443.5000 1076.2500
443.6667 1073.6300
443.8333 1071.0100
444.0000 1068.3800
444.1667 1065.7600
444.3333 1063.1300
444.5000 1060.5100
444.6667 1057.8830
444.8333 1055.2590
445.0000 1052.6340
445.1667 1050.0100
445.3333 1047.3850
445.5000 1044.7610
445.6667 1042.1360
445.8333 1039.5120
446.0000 1036.8870
446.1667 1034.2630
446.3333 1031.6380
446.5000 1029.0140
446.6667 1026.3890
446.8333 1023.7650
447.0000 1021.1400
447.1667 1018.5160
447.3333 1015.8910
447.5000 1013.2670
447.6667 1010.6430
447.8333 1008.0180
448.0000 1005.3940
448.1667 1002.7690
448.3333 1000.1450
448.5000 997.5200
448.6667 994.8960
448.8333 992.2710
449.0000 989.6470
449.1667 987.0220
449.3333 984.3980
449.5000 981.7730
449.6667 979.1490
449.8333 976.5240
450.0000 973.9000
450.1667 971.2750
450.3333 968.6510
450.5000 966.0260
450.6667 963.4020
450.8333 960.7770
451.0000 958.1530
451.1667 955.5280
451.3333 952.9040
451.5000 950.2790
451.6667 947.6550
451.8333 945.0300
452.0000 942.4060
452.1667 939.7810
452.3333 937.1570
452.5000 934.5320
452.6667 931.9080
452.8333 929.2830
453.0000 926.6590
453.1667 924.0340
453.3333 921.4100
453.5000 918.7850
453.6667 916.1610
453.8333 913.5360
454.0000 910.9120
454.1667 908.2870
454.3333 905.6630
454.5000 903.0380
454.6667 900.4140
454.8333 897.7890
455.0000 895.1650
455.1667 892.5400
455.3333 889.9160
455.5000 887.2910
455.6667 884.6670
455.8333 882.0420
456.0000 879.4180
456.1667 876.7930
456.3333 874.1690
456.5000 871.5440
456.6667 868.9200
456.8333 866.2950
457.0000 863.6710
457.1667 861.0460
457.3333 858.4220
457.5000 855.7970
457.6667 853.1730
457.8333 850.5480
458.0000 847.9240
458.1667 845.2990
458.3333 842.6750
458.5000 840.0500
458.6667 837.4260
458.8333 834.8010
459.0000 832.1770
459.1667 829.5520
459.3333 826.9280
459.5000 824.3030
459.6667 821.6790
459.8333 819.0540
460.0000 816.4300
460.1667 813.8050
460.3333 811.1810
460.5000 808.5560
460.6667 805.9320
460.8333 803.3070
461.0000 800.6830
461.1667 798.0580
461.3333 795.4340
461.5000 792.8090
461.6667 790.1850
461.8333 787.5600
462.0000 784.9360
462.1667 782.3110
462.3333 779.6870
462.5000 777.0620
462.6667 774.4380
462.8333 771.8130
463.0000 769.1890
463.1667 766.5640
463.3333 763.9400
463.5000 761.3150
463.6667 758.6910
463.8333 756.0660
464.0000 753.4420
464.1667 750.8170
464.3333 748.1930
464.5000 745.5680
464.6667 742.9440
464.8333 740.3190
465.0000 737.6950
465.1667 735.0700
465.3333 732.4460
465.5000 729.8210
465.6667 727.1970
465.8333 724.5720
466.0000 721.9480
466.1667 719.3230
466.3333 716.6990
466.5000 714.0740
466.6667 711.4500
466.8333 708.8250
467.0000 706.2010
467.1667 703.5760
467.3333 700.9520
467.5000 698.3270
467.6667 695.7030
467.8333 693.0780
468.0000 690.4540
468.1667 687.8290
468.3333 685.2050
468.5000 682.5800
468.6667 679.9560
468.8333 677.3310
469.0000 674.7070
469.1667 672.0820
469.3333 669.4580
469.5000 666.8330
469.6667 664.2090
469.8333 661.5840
470.0000 658.9600
470.1667 656.3350
470.3333 653.7110
470.5000 651.0860
470.6667 648.4620
470.8333 645.8370
471.0000 643.2130
471.1667 640.5890
471.3333 637.9640
471.5000 635.3400
471.6667 632.7150
471.8333 630.0910
472.0000 627.4660
472.1667 624.8420
472.3333 622.2170
472.5000 619.5930
472.6667 616.9680
472.8333 614.3440
473.0000 611.7190
473.1667 609.0950
473.3333 606.4700
473.5000 603.8460
473.6667 601.2210
473.8333 598.5970
474.0000 595.9720
474.1667 593.3480
474.3333 590.7230
474.5000 588.0990
474.6667 585.4740
474.8333 582.8500
475.0000 580.2250
475.1667 577.6010
475.3333 574.9760
475.5000 572.3520
475.6667 569.7270
475.8333 567.1030
476.0000 564.4780
476.1667 561.8540
476.3333 559.2290
476.5000 556.6050
476.6667 553.9800
476.8333 551.3560
477.0000 548.7310
477.1667 546.1070
477.3333 543.4820
477.5000 540.8580
477.6667 538.2330
477.8333 535.6090
478.0000 532.9840
478.1667 530.3600
478.3333 527.7350
478.5000 525.1110
478.6667 522.4860
478.8333 519.8620
479.0000 517.2370
479.1667 514.6130
479.3333 511.9880
479.5000 509.3640
479.6667 506.7390
479.8333 504.1150
480.0000 501.4900
480.1667 498.8660
480.3333 496.2410
480.5000 493.6170
480.6667 490.9920
480.8333 488.3680
481.0000 485.7430
481.1667 483.1190
481.3333 480.4940
481.5000 477.8700
481.6667 475.2450
481.8333 472.6210
482.0000 469.9960
482.1667 467.3720
482.3333 464.7470
482.5000 462.1230
482.6667 459.4980
482.8333 456.8740
483.0000 454.2490
483.1667 451.6250
483.3333 449.0000
483.5000 446.3760
483.6667 443.7510
483.8333 441.1270
484.0000 438.5020
484.1667 435.8780
484.3333 433.2530
484.5000 430.6290
484.6667 428.0040
484.8333 425.3800
485.0000 422.7550
485.1667 420.1310
485.3333 417.5060
485.5000 414.8820
485.6667 412.2570
485.8333 409.6330
486.0000 407.0080
486.1667 404.3840
486.3333 401.7590
486.5000 399.1350
486.6667 396.5100
486.8333 393.8860
487.0000 391.2610
487.1667 388.6370
487.3333 386.0120
487.5000 383.3880
487.6667 380.7630
487.8333 378.1390
488.0000 375.5140
488.1667 372.8900
488.3333 370.2650
488.5000 367.6410
488.6667 365.0160
488.8333 362.3920
489.0000 359.7670
489.1667 357.1430
489.3333 354.5180
489.5000 351.8940
489.6667 349.2690
489.8333 346.6450
490.0000 344.0200
490.1667 341.3960
490.3333 338.7710
490.5000 336.1470
490.6667 333.5220
490.8333 330.8980
491.0000 328.2730
491.1667 325.6490
491.3333 323.0240
491.5000 320.4000
491.6667 317.7750
491.8333 315.1510
492.0000 312.5260
492.1667 309.9020
492.3333 307.2770
492.5000 304.6530
492.6667 302.0280
492.8333 299.4040
493.0000 296.7790
493.1667 294.1550
493.3333 291.5300
493.5000 288.9060
493.6667 286.2810
493.8333 283.6570
494.0000 281.0320
494.1667 278.4080
494.3333 275.7830
494.5000 273.1590
494.6667 270.5350
494.8333 267.9100
495.0000 265.2860
495.1667 262.6610
495.3333 260.0370
495.5000 257.4120
495.6667 254.7880
495.8333 252.1630
496.0000 249.5390
496.1667 246.9140
496.3333 244.2900
496.5000 241.6650
496.6667 239.0410
496.8333 236.4160
497.0000 233.7920
497.1667 231.1670
497.3333 228.5430
497.5000 225.9180
497.6667 223.2940
497.8333 220.6690
498.0000 218.0450
498.1667 215.4200
498.3333 212.7960
498.5000 210.1710
498.6667 207.5470
498.8333 204.9220
499.0000 202.2980
499.1667 199.6730
499.3333 197.0490
499.5000 194.4240
499.6667 191.8000
499.8333 189.1750
500.0000 186.5510
500.1667 183.9260
500.3333 181.3020
500.5000 178.6770
500.6667 176.0530
500.8333 173.4280
501.0000 170.8040
501.1667 168.1790
501.3333 165.5550
501.5000 162.9300
501.6667 160.3060
501.8333 157.6810
502.0000 155.0570
502.1667 152.4320
502.3333 149.8080
502.5000 147.1830
502.6667 144.5590
502.8333 141.9340
503.0000 139.3100
503.1667 136.6850
503.3333 134.0610
503.5000 131.4360
503.6667 128.8120
503.8333 126.1870
504.0000 123.5630
504.1667 120.9380
504.3333 118.3140
504.5000 115.6890
504.6667 113.0650
504.8333 110.4400
505.0000 107.8160
505.1667 105.1910
505.3333 102.5670
505.5000 99.9420
505.6667 97.3180
505.8333 94.6930
506.0000 92.0690
506.1667 89.4440
506.3333 86.8200
506.5000 84.1950
506.6667 81.5710
506.8333 78.9460
507.0000 76.3220
507.1667 73.6970
507.3333 71.0730
507.5000 68.4480
507.6667 65.8240
507.8333 63.1990
508.0000 60.5750
508.0367 60.0000
1800.0000 60.0000
